3064
0 0 1 0
1 0 2 1
2 0 3 0
2 2 3 3
3 0 4 0
3 1 4 2
3 2 4 3
3 3 4 3
4 0 5 1
4 1 5 2
4 2 5 3
4 3 5 4
4 4 5 5
5 1 6 2
5 3 6 3
5 4 6 5
5 5 6 6
6 0 7 1
6 1 7 2
6 2 7 2
6 3 7 4
6 4 7 5
6 5 7 6
7 1 8 1
7 2 8 3
7 3 8 4
7 4 8 4
7 5 8 6
7 6 8 7
7 7 8 8
8 2 9 3
8 3 9 4
8 4 9 5
8 5 9 6
8 6 9 7
8 7 9 8
8 8 9 9
0 0 1 0
1 1 2 2
2 0 3 0
2 1 3 2
3 1 4 2
3 2 4 2
3 3 4 3
4 3 5 4
4 4 5 5
5 0 6 0
5 1 6 1
5 2 6 3
5 3 6 4
6 0 7 0
6 1 7 2
6 2 7 3
6 5 7 6
6 6 7 7
7 1 8 2
7 2 8 2
7 4 8 5
7 5 8 6
7 6 8 7
1 1 2 1
2 2 3 2
3 2 4 3
3 3 4 4
4 0 5 0
4 1 5 1
4 2 5 3
5 0 6 1
5 1 6 2
5 2 6 2
5 4 6 5
5 5 6 6
6 1 7 1
6 3 7 4
6 4 7 4
6 5 7 6
6 6 7 6
3 0 4 0
3 1 4 1
3 2 4 2
4 0 5 0
4 2 5 2
5 2 6 3
5 3 6 3
5 4 6 5
2 0 3 0
2 1 3 1
3 0 4 0
3 2 4 2
4 1 5 2
4 2 5 2
4 3 5 4
3 1 4 1
3 2 4 3
2 2 3 2
3 2 4 2
10 1 11 2
10 2 11 2
10 3 11 4
10 4 11 5
10 5 11 6
10 6 11 6
10 7 11 8
10 9 11 10
11 0 12 1
11 3 12 3
11 4 12 4
11 6 12 7
11 7 12 8
11 8 12 9
11 9 12 10
11 10 12 11
11 11 12 12
12 0 13 0
12 1 13 2
12 4 13 4
12 5 13 6
12 6 13 6
12 7 13 8
12 8 13 9
12 10 13 11
13 0 14 1
13 2 14 3
13 3 14 4
13 4 14 4
13 5 14 6
13 6 14 7
13 7 14 8
13 8 14 9
13 9 14 9
13 10 14 11
13 13 14 14
14 0 15 1
14 2 15 3
14 3 15 4
14 5 15 6
14 6 15 7
14 8 15 9
14 9 15 10
14 10 15 11
14 11 15 12
14 12 15 13
14 13 15 14
14 14 15 15
15 3 16 4
15 4 16 5
15 5 16 6
15 6 16 7
15 8 16 9
15 9 16 10
15 10 16 11
15 11 16 12
15 12 16 13
15 14 16 15
15 15 16 15
16 0 17 0
16 1 17 2
16 2 17 3
16 4 17 5
16 5 17 5
16 6 17 7
16 7 17 8
16 8 17 9
16 9 17 10
16 11 17 12
16 12 17 13
16 13 17 14
16 14 17 15
16 15 17 16
16 16 17 17
17 0 18 1
17 1 18 2
17 2 18 3
17 3 18 4
17 5 18 6
17 6 18 6
17 7 18 8
17 8 18 9
17 9 18 10
17 10 18 11
17 11 18 12
17 12 18 12
17 13 18 14
17 14 18 15
17 16 18 17
17 17 18 18
18 0 19 1
18 1 19 2
18 2 19 3
18 3 19 4
18 4 19 5
18 5 19 6
18 6 19 6
18 7 19 8
18 8 19 9
18 9 19 10
18 10 19 11
18 11 19 12
18 12 19 13
18 13 19 14
18 14 19 15
18 15 19 16
18 16 19 17
18 17 19 18
18 18 19 19
10 0 11 0
10 3 11 3
10 6 11 6
10 8 11 9
10 10 11 11
11 0 12 1
11 1 12 1
11 4 12 5
11 6 12 7
11 7 12 8
11 10 12 10
12 1 13 2
12 2 13 2
12 3 13 3
12 4 13 5
12 5 13 6
12 6 13 6
12 7 13 8
12 8 13 8
12 9 13 10
12 12 13 13
13 0 14 0
13 1 14 2
13 2 14 3
13 3 14 3
13 4 14 5
13 5 14 6
13 7 14 8
13 8 14 9
13 9 14 10
13 10 14 11
13 11 14 12
13 12 14 13
13 13 14 14
14 0 15 0
14 2 15 3
14 3 15 3
14 4 15 4
14 5 15 6
14 7 15 8
14 8 15 9
14 9 15 10
14 10 15 11
14 11 15 12
14 13 15 14
15 0 16 1
15 1 16 2
15 3 16 4
15 4 16 4
15 5 16 6
15 6 16 7
15 7 16 8
15 10 16 11
15 11 16 12
15 12 16 13
15 13 16 14
15 14 16 15
15 15 16 15
16 0 17 1
16 1 17 1
16 2 17 2
16 3 17 3
16 4 17 5
16 5 17 5
16 7 17 8
16 8 17 9
16 9 17 10
16 10 17 11
16 11 17 11
16 12 17 12
16 15 17 16
16 16 17 17
17 0 18 1
17 1 18 2
17 2 18 2
17 3 18 4
17 4 18 5
17 5 18 5
17 6 18 7
17 7 18 8
17 8 18 9
17 9 18 9
17 10 18 11
17 11 18 12
17 12 18 13
17 13 18 14
17 14 18 15
17 15 18 16
17 16 18 17
17 17 18 18
18 13 19 14
10 0 11 0
10 3 11 4
10 5 11 6
10 6 11 6
10 7 11 7
11 0 12 1
11 1 12 1
11 4 12 5
11 6 12 7
11 8 12 9
12 0 13 1
12 1 13 2
12 2 13 2
12 3 13 4
12 4 13 5
12 6 13 7
12 7 13 8
12 8 13 8
12 10 13 11
12 11 13 12
12 12 13 13
13 1 14 2
13 2 14 2
13 3 14 3
13 4 14 4
13 6 14 7
13 7 14 8
13 8 14 9
13 9 14 9
13 10 14 11
13 12 14 13
14 0 15 1
14 1 15 1
14 2 15 3
14 3 15 3
14 4 15 5
14 5 15 6
14 6 15 7
14 9 15 10
14 10 15 11
14 11 15 12
14 12 15 13
14 13 15 14
14 14 15 14
15 0 16 0
15 1 16 1
15 2 16 2
15 3 16 4
15 4 16 4
15 6 16 7
15 7 16 8
15 8 16 9
15 10 16 10
15 11 16 11
15 14 16 15
15 15 16 16
16 0 17 1
16 1 17 1
16 2 17 3
16 3 17 4
16 4 17 4
16 5 17 6
16 7 17 8
16 8 17 8
16 10 17 11
16 11 17 12
16 12 17 13
16 13 17 14
16 14 17 15
16 15 17 16
16 16 17 17
17 1 18 1
18 1 19 1
11 0 12 1
11 1 12 1
11 3 12 3
11 5 12 6
11 6 12 7
11 7 12 7
11 8 12 8
11 11 12 12
12 0 13 1
12 1 13 1
12 3 13 3
12 5 13 6
12 6 13 7
12 7 13 8
12 8 13 8
12 11 13 12
12 12 13 12
13 0 14 0
13 2 14 2
13 3 14 4
13 4 14 5
13 5 14 6
13 8 14 9
13 9 14 9
13 10 14 11
13 11 14 12
13 12 14 13
13 13 14 13
14 0 15 0
14 1 15 1
14 2 15 3
14 3 15 3
14 5 15 6
14 7 15 8
14 9 15 9
14 13 15 14
14 14 15 14
15 0 16 0
15 1 16 1
15 2 16 3
15 3 16 3
15 4 16 4
15 5 16 5
15 6 16 7
15 7 16 7
15 9 16 10
15 10 16 11
15 11 16 12
15 12 16 13
15 13 16 14
15 15 16 16
16 0 17 0
16 1 17 1
17 1 18 1
10 0 11 0
10 4 11 5
10 5 11 6
10 6 11 6
10 7 11 7
10 10 11 11
11 6 12 7
11 7 12 7
11 8 12 8
12 0 13 0
12 3 13 4
12 4 13 5
12 8 13 8
12 9 13 10
12 11 13 12
12 12 13 12
13 0 14 0
13 1 14 2
13 2 14 2
13 4 14 5
13 5 14 5
13 6 14 7
13 13 14 13
14 0 15 0
14 1 15 1
14 2 15 2
14 3 15 3
14 4 15 4
14 5 15 6
14 6 15 6
14 8 15 9
14 9 15 10
14 11 15 12
14 13 15 13
14 14 15 15
15 0 16 0
15 1 16 1
15 2 16 2
10 7 11 7
11 0 12 0
11 2 12 3
11 3 12 4
11 8 12 9
11 10 12 11
12 0 13 0
12 1 13 1
12 2 13 2
12 5 13 6
13 0 14 0
13 1 14 1
13 2 14 2
13 5 14 5
13 10 14 11
13 13 14 14
14 1 15 1
14 2 15 2
10 0 11 0
10 2 11 2
10 3 11 3
10 7 11 8
11 1 12 1
11 3 12 3
11 4 12 5
12 0 13 0
12 1 13 1
12 2 13 2
13 2 14 2
10 3 11 4
11 0 12 0
11 1 12 1
20 0 21 1
20 2 21 3
20 3 21 3
20 5 21 5
20 6 21 7
20 7 21 8
20 8 21 9
20 10 21 10
20 12 21 13
20 13 21 14
20 14 21 15
20 17 21 18
20 18 21 18
20 19 21 20
20 20 21 21
21 0 22 0
21 1 22 2
21 2 22 3
21 4 22 5
21 6 22 6
21 7 22 8
21 8 22 9
21 9 22 10
21 11 22 12
21 12 22 13
21 13 22 14
21 14 22 15
21 15 22 16
21 16 22 17
21 18 22 19
21 19 22 20
21 20 22 20
21 21 22 22
22 0 23 1
22 1 23 2
22 2 23 3
22 5 23 5
22 8 23 8
22 9 23 10
22 10 23 11
22 11 23 11
22 12 23 13
22 13 23 14
22 14 23 14
22 15 23 16
22 16 23 17
22 17 23 18
22 18 23 19
22 19 23 20
22 20 23 21
22 21 23 22
23 0 24 0
23 1 24 1
23 2 24 3
23 3 24 3
23 4 24 5
23 5 24 6
23 6 24 7
23 7 24 8
23 8 24 9
23 9 24 10
23 10 24 11
23 11 24 12
23 14 24 15
23 15 24 16
23 16 24 17
23 18 24 19
23 19 24 20
23 20 24 21
23 21 24 22
23 22 24 23
23 23 24 24
24 0 25 0
24 1 25 2
24 2 25 3
24 3 25 4
24 5 25 6
24 6 25 6
24 7 25 8
24 8 25 9
24 9 25 10
24 10 25 11
24 11 25 12
24 12 25 13
24 13 25 13
24 14 25 15
24 15 25 16
24 16 25 17
24 17 25 18
24 18 25 19
24 19 25 19
24 20 25 21
24 21 25 22
24 22 25 22
24 23 25 24
24 24 25 25
25 1 26 2
25 2 26 2
25 3 26 3
25 4 26 5
25 5 26 6
25 6 26 7
25 7 26 8
25 8 26 9
25 9 26 10
25 10 26 11
25 11 26 12
25 12 26 13
25 13 26 14
25 14 26 15
25 15 26 15
25 16 26 17
25 17 26 18
25 18 26 19
25 19 26 20
25 20 26 21
25 21 26 22
25 22 26 23
25 23 26 24
25 24 26 25
25 25 26 26
26 0 27 0
26 2 27 3
26 3 27 3
26 4 27 4
26 5 27 6
26 6 27 7
26 7 27 8
26 8 27 9
26 9 27 10
26 10 27 11
26 11 27 12
26 12 27 13
26 13 27 13
26 14 27 15
26 15 27 16
26 16 27 17
26 18 27 19
26 19 27 20
26 20 27 21
26 21 27 22
26 22 27 23
26 23 27 24
26 24 27 25
26 25 27 26
26 26 27 27
27 0 28 1
27 1 28 1
27 2 28 3
27 3 28 4
27 4 28 5
27 5 28 6
27 6 28 7
27 7 28 8
27 8 28 9
27 9 28 10
27 10 28 11
27 11 28 12
27 12 28 12
27 14 28 15
27 15 28 16
27 16 28 16
27 18 28 19
27 19 28 20
27 20 28 21
27 21 28 22
27 22 28 23
27 23 28 24
27 24 28 25
27 25 28 26
28 0 29 0
28 1 29 2
28 2 29 3
28 3 29 4
28 5 29 6
28 6 29 7
28 7 29 8
28 8 29 9
28 9 29 10
28 10 29 11
28 11 29 12
28 12 29 13
28 13 29 14
28 14 29 15
28 15 29 16
28 16 29 17
28 17 29 18
28 19 29 20
28 20 29 21
28 21 29 22
28 22 29 23
28 23 29 24
28 24 29 25
28 25 29 25
28 26 29 27
28 27 29 28
28 28 29 29
9 0 10 0
9 1 10 1
9 2 10 3
9 3 10 4
9 4 10 5
9 5 10 6
9 6 10 7
9 7 10 8
9 8 10 9
9 9 10 10
10 0 11 0
10 1 11 1
10 3 11 4
10 4 11 5
10 5 11 6
10 6 11 7
10 7 11 8
10 8 11 9
10 9 11 10
10 10 11 11
11 0 12 0
11 1 12 1
11 4 12 5
11 5 12 6
11 6 12 7
11 7 12 8
11 8 12 9
11 9 12 10
11 10 12 11
11 11 12 12
12 0 13 0
12 1 13 1
12 5 13 6
12 6 13 7
12 7 13 8
12 8 13 9
12 9 13 10
12 10 13 11
12 11 13 12
12 12 13 13
13 0 14 0
13 1 14 1
13 6 14 6
13 7 14 8
13 8 14 9
13 9 14 10
13 10 14 11
13 11 14 12
13 12 14 13
13 13 14 14
14 0 15 0
14 1 15 1
14 6 15 6
14 8 15 9
14 9 15 10
14 10 15 11
14 11 15 12
14 12 15 13
14 13 15 14
14 14 15 15
15 0 16 0
15 1 16 1
15 6 16 7
15 9 16 10
15 10 16 11
15 11 16 12
15 12 16 13
15 13 16 14
15 14 16 15
15 15 16 16
16 0 17 0
16 1 17 1
16 7 17 8
16 10 17 11
16 11 17 11
16 12 17 13
16 13 17 14
16 14 17 15
16 15 17 16
16 16 17 17
17 0 18 0
17 1 18 1
17 8 18 8
17 11 18 11
17 13 18 14
17 14 18 15
17 15 18 16
17 16 18 17
17 17 18 18
18 0 19 1
18 1 19 2
18 15 19 16
18 16 19 17
19 0 20 0
19 1 20 2
19 2 20 3
19 3 20 4
19 4 20 5
19 5 20 6
19 6 20 7
19 7 20 8
19 8 20 9
19 9 20 10
19 10 20 11
19 11 20 12
19 12 20 13
19 13 20 14
19 14 20 15
19 15 20 16
19 16 20 17
19 17 20 18
19 18 20 19
19 19 20 20
20 0 21 0
20 1 21 2
20 2 21 3
20 3 21 4
20 4 21 5
20 5 21 6
20 6 21 7
20 7 21 8
20 8 21 9
20 9 21 10
20 10 21 11
20 11 21 12
20 12 21 13
20 13 21 14
20 14 21 15
20 15 21 16
20 16 21 17
20 17 21 18
20 18 21 19
20 19 21 20
20 20 21 21
21 0 22 0
21 1 22 2
21 2 22 2
21 3 22 4
21 5 22 6
21 6 22 7
21 7 22 8
21 8 22 9
21 9 22 10
21 10 22 11
21 11 22 12
21 12 22 13
21 13 22 14
21 14 22 15
21 15 22 16
21 16 22 17
21 17 22 18
21 18 22 19
21 19 22 20
21 20 22 21
21 21 22 22
22 0 23 0
22 2 23 2
22 3 23 4
22 4 23 5
22 5 23 6
22 6 23 7
22 7 23 8
22 8 23 9
22 9 23 10
22 10 23 11
22 11 23 12
22 12 23 13
22 13 23 14
22 14 23 15
22 15 23 16
22 16 23 17
22 17 23 18
22 18 23 19
22 19 23 20
22 20 23 21
22 21 23 22
22 22 23 23
23 0 24 0
23 1 24 1
23 2 24 3
23 3 24 3
23 4 24 5
23 5 24 5
23 6 24 7
23 7 24 8
23 8 24 9
23 9 24 10
23 10 24 11
23 11 24 12
23 12 24 13
23 13 24 14
23 14 24 15
23 15 24 16
23 16 24 17
23 17 24 18
23 18 24 19
23 19 24 20
23 20 24 21
23 21 24 22
23 22 24 23
23 23 24 24
24 0 25 1
24 1 25 2
24 2 25 3
24 3 25 3
24 4 25 5
24 5 25 6
24 6 25 7
24 7 25 8
24 8 25 9
24 9 25 10
24 10 25 11
24 11 25 12
24 12 25 13
24 13 25 14
24 14 25 15
24 15 25 16
24 16 25 17
24 17 25 18
24 18 25 19
24 19 25 20
24 20 25 21
24 21 25 22
24 22 25 23
24 23 25 24
24 24 25 25
25 0 26 0
25 3 26 3
25 4 26 5
25 5 26 6
25 6 26 7
25 7 26 8
25 8 26 9
25 9 26 10
25 10 26 11
25 11 26 12
25 12 26 13
25 13 26 14
25 14 26 15
25 15 26 16
25 16 26 17
25 17 26 18
25 18 26 19
25 19 26 20
25 20 26 21
25 21 26 22
25 22 26 23
25 23 26 24
25 24 26 25
25 25 26 26
26 0 27 0
26 1 27 1
26 2 27 3
26 3 27 4
26 4 27 5
26 6 27 7
26 7 27 8
26 8 27 9
26 9 27 10
26 10 27 11
26 11 27 12
26 13 27 14
26 14 27 15
26 15 27 15
26 16 27 17
26 17 27 18
26 18 27 19
26 19 27 20
26 20 27 21
26 21 27 22
26 22 27 23
26 23 27 24
26 24 27 25
26 25 27 26
26 26 27 27
27 0 28 1
27 1 28 1
27 2 28 2
27 5 28 6
27 6 28 7
27 7 28 8
27 8 28 9
27 9 28 10
27 10 28 10
27 11 28 12
27 12 28 13
27 13 28 14
27 14 28 15
27 15 28 16
27 16 28 17
27 17 28 18
27 18 28 19
27 19 28 20
27 20 28 21
27 21 28 22
27 22 28 23
27 23 28 24
27 24 28 25
27 25 28 26
27 26 28 27
27 27 28 28
28 1 29 1
28 2 29 2
28 12 29 13
28 15 29 15
28 16 29 17
28 18 29 19
28 19 29 20
28 20 29 21
28 21 29 22
28 23 29 24
28 24 29 25
28 25 29 26
28 26 29 27
28 28 29 29
20 0 21 0
20 1 21 1
20 2 21 2
20 7 21 8
20 9 21 9
20 10 21 11
20 11 21 12
20 12 21 12
20 15 21 16
20 18 21 19
20 19 21 19
21 0 22 0
21 3 22 4
21 4 22 5
21 5 22 6
21 6 22 6
21 7 22 8
21 8 22 9
21 9 22 9
21 10 22 10
21 12 22 12
21 13 22 14
21 14 22 15
21 17 22 18
21 18 22 19
21 19 22 20
21 20 22 20
21 21 22 22
22 0 23 0
22 1 23 1
22 2 23 2
22 3 23 4
22 4 23 4
22 5 23 6
22 6 23 7
22 7 23 8
22 8 23 9
22 11 23 11
22 13 23 13
22 14 23 15
22 15 23 16
22 16 23 17
22 17 23 17
22 19 23 20
22 21 23 22
22 22 23 23
23 0 24 0
23 1 24 1
23 2 24 2
23 3 24 4
23 4 24 5
23 5 24 6
23 6 24 7
23 7 24 8
23 8 24 9
23 9 24 9
23 10 24 11
23 12 24 13
23 13 24 13
23 14 24 15
23 15 24 16
23 16 24 17
23 17 24 18
23 18 24 19
23 19 24 20
23 20 24 21
23 21 24 22
24 2 25 2
24 3 25 4
24 4 25 5
24 5 25 6
24 6 25 7
24 7 25 8
24 9 25 10
24 10 25 11
24 11 25 11
24 12 25 13
24 13 25 14
24 14 25 15
24 16 25 17
24 17 25 18
24 18 25 19
24 19 25 19
24 21 25 22
24 22 25 23
24 23 25 24
24 24 25 25
25 0 26 0
25 1 26 2
25 2 26 3
25 3 26 3
25 5 26 5
25 6 26 7
25 7 26 8
25 8 26 9
25 9 26 10
25 12 26 13
25 13 26 14
25 16 26 17
25 17 26 18
25 18 26 19
25 19 26 20
25 20 26 21
25 21 26 22
25 22 26 23
25 23 26 24
26 0 27 0
26 1 27 1
26 2 27 2
26 3 27 3
26 4 27 5
26 7 27 8
26 8 27 9
26 9 27 9
26 11 27 12
26 12 27 13
26 13 27 14
26 14 27 15
26 15 27 16
26 17 27 18
26 18 27 19
26 19 27 20
26 21 27 22
26 22 27 23
26 23 27 23
26 24 27 25
26 25 27 26
26 26 27 27
27 3 28 3
28 3 29 3
8 0 9 0
8 1 9 2
8 2 9 3
8 3 9 4
8 4 9 5
8 5 9 6
8 6 9 7
8 7 9 8
8 8 9 9
9 0 10 0
9 2 10 2
9 3 10 3
9 4 10 5
9 5 10 6
9 6 10 7
9 7 10 8
9 8 10 9
9 9 10 10
10 0 11 0
10 2 11 2
10 3 11 3
10 5 11 6
10 6 11 7
10 7 11 8
10 8 11 9
10 9 11 10
10 10 11 11
11 0 12 0
11 2 12 2
11 3 12 3
11 6 12 7
11 7 12 8
11 8 12 9
11 9 12 10
11 10 12 11
11 11 12 12
12 0 13 0
12 2 13 2
12 3 13 3
12 7 13 7
12 8 13 8
12 9 13 10
12 10 13 11
12 11 13 12
12 12 13 13
13 0 14 0
13 2 14 2
13 3 14 3
13 7 14 7
13 8 14 8
13 10 14 10
13 11 14 12
13 12 14 13
13 13 14 14
14 0 15 0
14 2 15 2
14 3 15 3
14 7 15 8
14 8 15 9
14 10 15 10
14 12 15 13
14 13 15 14
15 0 16 0
15 2 16 2
15 3 16 3
15 8 16 9
15 9 16 10
15 10 16 11
15 13 16 13
15 14 16 15
16 0 17 0
16 2 17 2
16 3 17 3
16 9 17 9
16 10 17 10
16 11 17 12
16 13 17 14
16 15 17 16
17 0 18 0
18 0 19 1
18 1 19 2
18 2 19 3
18 3 19 4
18 4 19 5
18 5 19 6
18 6 19 7
18 7 19 8
18 8 19 9
18 9 19 10
18 10 19 11
18 11 19 12
18 12 19 13
18 13 19 14
18 14 19 15
18 15 19 16
18 16 19 17
18 17 19 18
18 18 19 19
19 0 20 0
19 1 20 1
19 2 20 3
19 3 20 4
19 4 20 5
19 5 20 6
19 6 20 7
19 7 20 8
19 8 20 9
19 9 20 10
19 10 20 11
19 11 20 12
19 12 20 13
19 13 20 14
19 14 20 15
19 15 20 16
19 16 20 17
19 17 20 18
19 18 20 19
19 19 20 20
20 0 21 0
20 1 21 1
20 2 21 3
20 3 21 4
20 4 21 5
20 5 21 6
20 6 21 7
20 7 21 8
20 8 21 9
20 9 21 10
20 10 21 11
20 11 21 12
20 12 21 13
20 13 21 14
20 14 21 15
20 15 21 16
20 16 21 17
20 17 21 18
20 18 21 19
20 19 21 20
20 20 21 21
21 0 22 0
21 1 22 1
21 2 22 2
21 3 22 3
21 4 22 5
21 5 22 6
21 6 22 7
21 7 22 8
21 8 22 9
21 9 22 10
21 10 22 11
21 11 22 12
21 12 22 13
21 13 22 14
21 14 22 15
21 15 22 16
21 16 22 17
21 17 22 18
21 18 22 19
21 19 22 20
21 20 22 21
21 21 22 22
22 0 23 0
22 1 23 1
22 2 23 3
22 3 23 4
22 4 23 5
22 5 23 5
22 6 23 7
22 7 23 8
22 8 23 9
22 9 23 10
22 10 23 11
22 11 23 12
22 12 23 13
22 13 23 14
22 14 23 15
22 15 23 16
22 16 23 17
22 17 23 18
22 18 23 19
22 19 23 20
22 20 23 21
22 21 23 22
22 22 23 23
23 1 24 1
23 2 24 3
23 3 24 4
23 4 24 5
23 5 24 5
23 6 24 6
23 7 24 8
23 8 24 9
23 9 24 10
23 10 24 11
23 11 24 12
23 12 24 13
23 13 24 14
23 14 24 15
23 15 24 16
23 16 24 17
23 17 24 18
23 18 24 19
23 19 24 20
23 20 24 21
23 21 24 22
23 22 24 23
23 23 24 24
24 0 25 1
24 1 25 2
24 4 25 4
24 5 25 6
24 6 25 7
24 7 25 8
24 8 25 9
24 9 25 10
24 10 25 11
24 11 25 12
24 12 25 13
24 13 25 14
24 14 25 15
24 15 25 16
24 16 25 17
24 17 25 18
24 18 25 19
24 19 25 20
24 20 25 21
24 21 25 22
24 22 25 23
24 23 25 24
24 24 25 25
25 0 26 0
25 2 26 2
25 3 26 4
25 6 26 7
25 8 26 8
25 9 26 10
25 10 26 11
25 11 26 12
25 12 26 13
25 13 26 14
25 14 26 15
25 15 26 16
25 16 26 17
25 17 26 18
25 18 26 19
25 19 26 20
25 20 26 21
25 21 26 22
25 22 26 23
25 23 26 24
25 24 26 25
25 25 26 26
26 2 27 2
26 7 27 7
26 8 27 8
26 10 27 11
26 11 27 12
26 13 27 14
26 15 27 15
26 16 27 17
26 17 27 18
26 18 27 19
26 19 27 19
26 20 27 20
26 21 27 22
26 22 27 23
26 23 27 24
26 24 27 25
26 26 27 27
27 2 28 2
27 11 28 12
27 12 28 12
27 17 28 18
27 19 28 19
27 22 28 23
27 24 28 25
27 25 28 26
27 27 28 28
28 2 29 2
28 19 29 20
7 0 8 0
7 1 8 1
7 2 8 3
7 3 8 4
7 4 8 5
7 5 8 6
7 6 8 7
7 7 8 8
8 0 9 0
8 1 9 1
8 3 9 4
8 4 9 5
8 5 9 6
8 6 9 7
8 7 9 8
8 8 9 9
6 0 7 0
6 1 7 1
6 2 7 2
6 3 7 4
6 4 7 5
6 5 7 6
6 6 7 7
7 0 8 0
7 1 8 1
7 2 8 2
7 4 8 5
7 5 8 6
7 6 8 7
7 7 8 8
8 1 9 2
8 2 9 3
5 0 6 0
5 1 6 1
5 2 6 3
5 3 6 4
5 4 6 5
5 5 6 6
6 0 7 0
6 1 7 1
6 3 7 3
6 4 7 5
6 5 7 6
6 6 7 7
7 0 8 1
7 3 8 3
4 0 5 0
4 1 5 2
4 2 5 3
4 3 5 4
4 4 5 5
5 0 6 0
5 2 6 2
5 3 6 3
5 4 6 5
5 5 6 6
6 2 7 2
6 3 7 3
7 3 8 4
3 0 4 0
3 1 4 1
3 2 4 3
3 3 4 4
4 0 5 0
4 1 5 1
4 2 5 2
4 3 5 3
4 4 5 4
5 0 6 1
5 1 6 2
5 2 6 3
5 3 6 3
5 4 6 4
6 3 7 4
6 4 7 4
7 4 8 4
2 0 3 0
2 1 3 1
2 2 3 3
3 0 4 0
3 1 4 1
3 2 4 2
3 3 4 3
4 1 5 1
4 3 5 3
1 0 2 0
1 1 2 1
2 0 3 0
2 1 3 1
2 2 3 2
0 0 1 0
17 0 18 0
17 1 18 1
17 2 18 2
17 3 18 3
17 4 18 5
17 5 18 6
17 6 18 7
17 7 18 8
17 8 18 9
17 9 18 10
17 10 18 11
17 11 18 12
17 12 18 13
17 13 18 14
17 14 18 15
17 15 18 16
17 16 18 17
17 17 18 18
18 0 19 0
18 1 19 1
18 2 19 2
18 3 19 3
18 4 19 5
18 5 19 6
18 6 19 7
18 7 19 8
18 8 19 9
18 9 19 10
18 10 19 11
18 11 19 12
18 12 19 13
18 13 19 14
18 14 19 15
18 15 19 16
18 16 19 17
18 17 19 18
18 18 19 19
16 0 17 0
16 1 17 1
16 2 17 2
16 3 17 4
16 4 17 5
16 5 17 6
16 6 17 7
16 7 17 8
16 8 17 9
16 9 17 10
16 10 17 11
16 11 17 12
16 12 17 13
16 13 17 14
16 14 17 15
16 15 17 16
16 16 17 17
17 0 18 0
17 1 18 1
17 2 18 2
17 3 18 4
17 4 18 5
17 5 18 6
17 6 18 7
17 7 18 8
17 8 18 9
17 9 18 10
17 10 18 11
17 11 18 12
17 12 18 13
17 13 18 14
17 14 18 15
17 15 18 16
17 16 18 17
17 17 18 18
18 5 19 5
15 0 16 0
15 1 16 1
15 2 16 3
15 3 16 4
15 4 16 5
15 5 16 6
15 6 16 7
15 7 16 8
15 8 16 9
15 9 16 10
15 10 16 11
15 11 16 12
15 12 16 13
15 13 16 14
15 14 16 15
15 15 16 16
16 0 17 0
16 1 17 1
16 3 17 4
16 4 17 5
16 5 17 6
16 6 17 7
16 7 17 8
16 8 17 9
16 9 17 10
16 10 17 11
16 11 17 12
16 12 17 13
16 13 17 14
16 14 17 15
16 15 17 16
16 16 17 17
17 5 18 5
14 0 15 0
14 1 15 2
14 2 15 3
14 3 15 3
14 4 15 4
14 5 15 6
14 6 15 7
14 7 15 8
14 9 15 10
14 10 15 11
14 11 15 12
14 12 15 13
14 13 15 14
14 14 15 15
15 0 16 0
15 1 16 1
15 2 16 2
15 3 16 4
15 4 16 4
15 5 16 6
15 6 16 7
15 7 16 8
15 8 16 9
15 9 16 10
15 10 16 11
15 11 16 12
15 12 16 13
15 13 16 14
15 14 16 15
15 15 16 16
16 2 17 2
16 4 17 4
16 5 17 5
17 4 18 4
13 0 14 1
13 1 14 2
13 2 14 2
13 3 14 3
13 4 14 5
13 5 14 6
13 6 14 7
13 7 14 7
13 9 14 10
13 10 14 11
13 11 14 12
13 12 14 13
14 0 15 0
14 1 15 1
14 2 15 3
14 3 15 3
14 4 15 5
14 5 15 6
14 6 15 7
14 7 15 8
14 8 15 9
14 9 15 10
14 10 15 11
14 11 15 12
14 12 15 13
14 13 15 14
14 14 15 15
15 3 16 3
15 4 16 4
12 0 13 1
12 1 13 1
12 2 13 2
12 3 13 4
12 4 13 5
12 5 13 6
12 6 13 6
12 7 13 7
12 8 13 9
12 9 13 10
12 10 13 11
12 11 13 12
13 0 14 0
13 1 14 1
13 2 14 2
13 3 14 4
13 4 14 5
13 5 14 6
13 6 14 7
13 7 14 8
13 8 14 9
13 9 14 10
13 10 14 11
13 11 14 12
13 12 14 13
13 13 14 14
14 1 15 1
14 2 15 2
14 7 15 7
15 1 16 1
15 2 16 2
15 7 16 7
11 0 12 0
11 1 12 1
11 2 12 3
11 3 12 4
11 4 12 4
11 5 12 5
11 7 12 8
11 8 12 9
11 10 12 11
11 11 12 11
12 0 13 0
12 1 13 1
12 2 13 3
12 3 13 4
12 4 13 4
12 5 13 6
12 6 13 6
12 7 13 8
12 8 13 9
12 9 13 10
12 10 13 11
12 11 13 12
12 12 13 13
13 1 14 1
13 4 14 4
13 6 14 6
13 7 14 7
14 4 15 4
14 6 15 6
10 1 11 1
10 2 11 2
10 6 11 7
10 7 11 8
10 8 11 8
10 10 11 10
11 0 12 0
11 1 12 2
11 2 12 3
11 3 12 3
11 4 12 5
11 5 12 5
11 6 12 7
11 7 12 8
11 8 12 9
11 9 12 10
11 10 12 11
11 11 12 12
12 2 13 2
12 5 13 5
12 6 13 6
10 0 11 0
10 1 11 1
10 2 11 2
10 3 11 4
10 4 11 4
10 6 11 6
10 8 11 9
10 9 11 10
10 10 11 11
11 1 12 1
11 2 12 2
20 0 21 0
20 1 21 1
20 2 21 2
20 3 21 4
20 4 21 5
20 5 21 5
20 12 21 13
20 14 21 14
20 15 21 15
20 17 21 18
20 19 21 20
20 20 21 21
21 0 22 0
21 1 22 1
21 2 22 3
21 3 22 4
21 5 22 6
21 6 22 7
21 8 22 9
21 9 22 9
21 10 22 11
21 12 22 13
21 13 22 14
21 14 22 15
21 16 22 17
21 17 22 18
21 18 22 19
21 19 22 20
22 1 23 2
22 2 23 3
22 4 23 4
22 5 23 5
22 6 23 6
22 8 23 9
22 11 23 12
22 12 23 13
22 14 23 15
22 15 23 16
22 16 23 16
22 17 23 17
22 19 23 20
22 20 23 21
22 21 23 22
22 22 23 23
23 0 24 0
23 1 24 1
23 5 24 6
23 6 24 7
23 7 24 8
23 11 24 12
23 14 24 15
23 15 24 16
23 16 24 17
23 17 24 17
23 18 24 18
23 19 24 20
23 20 24 21
23 21 24 21
24 0 25 0
24 1 25 1
24 2 25 2
24 5 25 6
24 6 25 6
24 9 25 10
24 10 25 11
24 11 25 12
24 12 25 13
24 13 25 14
24 15 25 16
24 16 25 17
24 17 25 18
24 18 25 18
24 19 25 20
24 20 25 21
24 22 25 23
24 23 25 24
24 24 25 25
25 0 26 0
25 1 26 1
25 2 26 2
25 6 26 6
25 7 26 7
25 15 26 15
26 1 27 1
27 1 28 1
9 0 10 0
9 1 10 1
9 2 10 3
9 3 10 4
9 4 10 5
9 5 10 6
9 6 10 7
9 7 10 8
9 8 10 9
9 9 10 10
10 0 11 0
10 1 11 1
10 3 11 3
10 4 11 4
10 5 11 6
10 6 11 7
10 7 11 8
10 8 11 9
10 9 11 10
10 10 11 11
11 0 12 0
11 1 12 1
11 3 12 3
11 4 12 4
11 6 12 7
11 7 12 8
11 8 12 9
11 9 12 10
11 10 12 11
11 11 12 12
12 0 13 0
12 1 13 2
12 4 13 4
12 7 13 7
12 8 13 9
12 9 13 10
12 10 13 11
12 11 13 12
12 12 13 13
13 0 14 0
13 2 14 2
13 4 14 4
13 7 14 7
13 9 14 10
13 10 14 11
13 11 14 12
13 12 14 13
13 13 14 14
14 0 15 0
14 2 15 2
14 4 15 4
14 7 15 7
14 10 15 11
14 11 15 12
14 12 15 13
14 13 15 13
14 14 15 15
15 0 16 1
15 2 16 2
15 4 16 4
15 7 16 7
15 11 16 11
15 12 16 12
15 15 16 15
16 1 17 2
16 2 17 3
16 4 17 4
16 7 17 7
16 11 17 11
17 2 18 3
17 3 18 4
18 3 19 4
19 0 20 0
19 1 20 1
19 2 20 3
19 3 20 4
19 4 20 5
19 5 20 6
19 6 20 7
19 7 20 8
19 8 20 9
19 9 20 10
19 10 20 11
19 11 20 12
19 12 20 13
19 13 20 14
19 14 20 15
19 15 20 16
19 16 20 17
19 17 20 18
19 18 20 19
19 19 20 20
20 0 21 0
20 1 21 1
20 3 21 3
20 4 21 4
20 5 21 6
20 6 21 7
20 7 21 8
20 8 21 9
20 9 21 10
20 10 21 11
20 11 21 12
20 12 21 13
20 13 21 14
20 14 21 15
20 15 21 16
20 16 21 17
20 17 21 18
20 18 21 19
20 19 21 20
20 20 21 21
21 0 22 0
21 1 22 2
21 3 22 3
21 4 22 4
21 5 22 5
21 6 22 7
21 7 22 8
21 8 22 9
21 9 22 10
21 10 22 11
21 11 22 12
21 12 22 13
21 13 22 14
21 14 22 15
21 15 22 16
21 16 22 17
21 17 22 18
21 18 22 19
21 19 22 20
21 20 22 21
21 21 22 22
22 0 23 0
22 1 23 1
22 2 23 3
22 3 23 4
22 4 23 5
22 5 23 6
22 6 23 7
22 7 23 8
22 9 23 9
22 10 23 11
22 11 23 12
22 12 23 13
22 13 23 14
22 14 23 15
22 15 23 16
22 16 23 17
22 17 23 18
22 18 23 19
22 19 23 20
22 20 23 21
22 21 23 22
22 22 23 23
23 0 24 0
23 3 24 3
23 4 24 5
23 5 24 6
23 8 24 9
23 9 24 10
23 10 24 11
23 11 24 12
23 12 24 13
23 13 24 14
23 14 24 15
23 15 24 16
23 16 24 17
23 17 24 18
23 18 24 19
23 19 24 20
23 20 24 21
23 21 24 22
23 22 24 23
23 23 24 24
24 0 25 0
24 5 25 5
24 6 25 6
24 10 25 10
24 12 25 12
24 15 25 16
24 16 25 17
24 17 25 18
24 18 25 18
24 19 25 20
24 20 25 21
24 21 25 22
24 22 25 23
24 23 25 24
24 24 25 25
25 0 26 0
25 5 26 6
25 6 26 7
25 12 26 13
25 17 26 18
25 18 26 18
25 20 26 20
25 21 26 22
25 22 26 23
25 23 26 24
25 25 26 26
26 0 27 0
26 18 27 18
26 26 27 27
27 0 28 0
20 9 21 10
20 10 21 10
20 12 21 13
20 13 21 14
20 20 21 21
21 0 22 0
21 3 22 4
21 4 22 4
21 5 22 5
21 6 22 6
21 9 22 10
21 12 22 13
21 13 22 14
21 14 22 15
21 15 22 15
21 17 22 18
21 18 22 19
21 19 22 19
22 3 23 3
22 8 23 9
22 9 23 10
22 10 23 11
22 11 23 12
22 12 23 12
22 13 23 14
22 14 23 15
22 16 23 16
22 17 23 18
22 18 23 18
22 19 23 19
22 20 23 21
22 21 23 22
24 18 25 18
25 18 26 18
8 0 9 0
8 1 9 2
8 2 9 2
8 3 9 4
8 4 9 5
8 5 9 6
8 6 9 7
8 7 9 8
8 8 9 9
9 0 10 0
9 2 10 2
9 3 10 3
9 4 10 5
9 5 10 6
9 6 10 7
9 7 10 8
9 8 10 9
9 9 10 10
10 0 11 0
10 2 11 2
10 5 11 5
10 7 11 8
10 8 11 9
10 9 11 10
10 10 11 11
11 0 12 0
11 2 12 2
11 5 12 5
11 8 12 8
11 9 12 10
11 10 12 11
11 11 12 12
12 0 13 0
12 5 13 5
12 8 13 8
12 10 13 11
12 11 13 12
12 12 13 13
13 0 14 0
13 5 14 5
13 8 14 8
13 11 14 12
14 8 15 8
18 0 19 0
18 1 19 2
18 2 19 3
18 3 19 4
18 4 19 5
18 5 19 6
18 6 19 7
18 7 19 8
18 8 19 9
18 9 19 10
18 10 19 11
18 11 19 12
18 12 19 13
18 13 19 14
18 14 19 15
18 15 19 16
18 16 19 17
18 17 19 18
18 18 19 19
19 0 20 0
19 2 20 2
19 3 20 3
19 4 20 4
19 5 20 6
19 6 20 7
19 7 20 8
19 8 20 9
19 9 20 10
19 10 20 11
19 11 20 12
19 12 20 13
19 13 20 14
19 14 20 15
19 15 20 16
19 16 20 17
19 17 20 18
19 18 20 19
19 19 20 20
20 0 21 0
20 2 21 3
20 3 21 4
20 4 21 5
20 5 21 6
20 6 21 6
20 7 21 7
20 8 21 9
20 9 21 10
20 10 21 11
20 11 21 12
20 12 21 13
20 13 21 14
20 14 21 15
20 15 21 16
20 16 21 17
20 17 21 18
20 18 21 19
20 19 21 20
20 20 21 21
21 0 22 0
21 3 22 4
21 4 22 4
21 5 22 5
21 6 22 6
21 7 22 8
21 8 22 9
21 9 22 10
21 10 22 11
21 11 22 12
21 12 22 13
21 13 22 14
21 14 22 15
21 15 22 16
21 16 22 17
21 17 22 18
21 18 22 19
21 19 22 20
21 20 22 21
21 21 22 22
22 0 23 0
22 4 23 4
22 11 23 11
22 12 23 12
22 13 23 14
22 14 23 15
22 15 23 16
22 16 23 17
22 17 23 18
22 18 23 19
22 19 23 20
22 20 23 21
22 21 23 22
22 22 23 23
23 0 24 0
23 14 24 15
23 16 24 16
23 17 24 17
23 18 24 19
23 19 24 20
23 20 24 21
23 21 24 22
23 22 24 23
23 23 24 24
24 0 25 0
24 17 25 17
24 19 25 19
24 20 25 21
24 21 25 21
24 24 25 25
25 0 26 0
25 17 26 17
25 19 26 19
26 19 27 19
7 0 8 1
7 1 8 1
7 4 8 5
7 5 8 6
7 6 8 7
7 7 8 8
8 1 9 1
8 2 9 2
8 3 9 3
8 5 9 5
8 6 9 7
8 7 9 8
8 8 9 9
6 0 7 0
6 4 7 5
6 5 7 6
6 6 7 7
7 0 8 0
7 1 8 1
7 2 8 2
7 6 8 7
7 7 8 8
8 0 9 0
5 0 6 0
5 3 6 4
5 4 6 5
6 0 7 0
6 1 7 1
6 2 7 2
4 0 5 0
4 2 5 3
4 3 5 3
4 4 5 4
5 0 6 0
5 1 6 1
5 2 6 2
3 0 4 0
3 1 4 2
3 2 4 2
4 0 5 0
4 1 5 1
4 2 5 2
2 0 3 0
2 1 3 1
2 2 3 2
3 0 4 0
3 1 4 1
17 0 18 1
17 1 18 2
17 2 18 2
17 3 18 4
17 4 18 5
17 5 18 5
17 6 18 6
17 7 18 8
17 8 18 9
17 9 18 10
17 10 18 11
17 11 18 12
17 12 18 13
17 13 18 14
17 14 18 15
17 15 18 16
17 16 18 17
17 17 18 18
18 0 19 0
18 1 19 1
18 2 19 2
18 3 19 3
18 4 19 4
18 5 19 6
18 6 19 6
18 7 19 8
18 8 19 9
18 9 19 10
18 10 19 11
18 11 19 12
18 12 19 13
18 13 19 14
18 14 19 15
18 15 19 16
18 16 19 17
18 17 19 18
18 18 19 19
16 0 17 0
16 1 17 1
16 2 17 3
16 3 17 4
16 4 17 4
16 5 17 5
16 6 17 7
16 7 17 7
16 8 17 9
16 9 17 10
16 10 17 11
16 11 17 12
16 12 17 13
16 13 17 13
16 14 17 15
16 15 17 16
16 16 17 17
17 0 18 0
17 1 18 1
17 2 18 2
17 3 18 3
17 4 18 5
17 5 18 5
17 6 18 7
17 7 18 8
17 8 18 9
17 9 18 10
17 10 18 11
17 11 18 12
17 12 18 13
17 13 18 14
17 14 18 15
17 15 18 16
17 16 18 17
17 17 18 18
18 0 19 0
18 3 19 3
18 5 19 5
15 0 16 0
15 1 16 1
15 2 16 2
15 3 16 3
15 4 16 4
15 5 16 6
15 6 16 6
15 7 16 8
15 8 16 9
15 9 16 10
15 10 16 11
15 11 16 12
15 12 16 12
15 13 16 14
15 14 16 15
15 15 16 16
16 0 17 0
16 1 17 1
16 2 17 2
16 3 17 3
16 4 17 4
16 5 17 6
16 6 17 7
16 7 17 8
16 8 17 9
16 9 17 10
16 10 17 11
16 11 17 12
16 12 17 13
16 13 17 14
16 14 17 15
16 15 17 16
16 16 17 17
17 0 18 0
17 3 18 4
17 4 18 5
17 5 18 5
14 0 15 0
14 1 15 1
14 2 15 2
14 3 15 3
14 4 15 5
14 5 15 5
14 6 15 7
14 7 15 8
14 8 15 9
14 9 15 10
14 10 15 11
14 11 15 11
14 12 15 13
14 13 15 14
14 14 15 15
15 0 16 0
15 1 16 1
15 2 16 2
15 3 16 3
15 4 16 5
15 5 16 6
15 6 16 7
15 7 16 8
15 8 16 9
15 9 16 10
15 10 16 11
15 11 16 12
15 12 16 13
15 13 16 14
15 14 16 15
15 15 16 16
16 0 17 0
16 2 17 3
16 3 17 3
16 12 17 12
13 0 14 0
13 1 14 1
13 2 14 2
13 3 14 3
13 4 14 4
13 5 14 6
13 6 14 7
13 7 14 8
13 8 14 9
13 9 14 10
13 11 14 12
13 12 14 13
13 13 14 14
14 0 15 0
14 1 15 1
14 2 15 2
14 3 15 4
14 4 15 5
14 5 15 6
14 6 15 7
14 7 15 8
14 8 15 9
14 9 15 10
14 10 15 11
14 11 15 12
14 12 15 13
14 13 15 14
14 14 15 15
15 0 16 0
15 2 16 2
15 4 16 4
12 0 13 0
12 1 13 1
12 2 13 2
12 3 13 3
12 4 13 5
12 5 13 6
12 6 13 7
12 7 13 8
12 8 13 9
12 10 13 11
12 11 13 12
12 12 13 13
13 0 14 0
13 1 14 1
13 2 14 3
13 3 14 4
13 4 14 5
13 5 14 6
13 6 14 7
13 7 14 8
13 8 14 9
13 9 14 9
13 10 14 11
13 11 14 12
13 12 14 12
13 13 14 14
14 0 15 0
14 3 15 3
14 4 15 4
14 9 15 9
15 9 16 9
16 9 17 9
17 9 18 9
11 0 12 0
11 1 12 1
11 2 12 2
11 3 12 4
11 4 12 5
11 5 12 6
11 6 12 7
11 7 12 8
11 8 12 8
11 9 12 10
11 10 12 11
11 11 12 11
12 0 13 0
12 1 13 1
12 2 13 2
12 3 13 4
12 4 13 5
12 5 13 6
12 6 13 7
12 7 13 8
12 8 13 8
12 9 13 10
12 10 13 11
12 11 13 11
12 12 13 13
13 0 14 0
13 1 14 2
13 2 14 3
13 4 14 4
13 8 14 8
14 8 15 8
15 8 16 8
10 0 11 0
10 1 11 1
10 2 11 3
10 3 11 4
10 4 11 5
10 5 11 6
10 6 11 7
10 8 11 9
10 9 11 10
10 10 11 10
11 0 12 0
11 1 12 1
11 2 12 2
11 3 12 3
11 4 12 5
11 5 12 5
11 6 12 7
11 8 12 9
11 9 12 10
11 11 12 12
12 0 13 0
12 1 13 1
12 2 13 2
12 3 13 3
12 5 13 5
10 1 11 1
10 3 11 4
10 4 11 4
10 6 11 6
10 7 11 8
10 8 11 9
11 4 12 4
20 7 21 8
20 8 21 9
20 9 21 9
20 10 21 10
20 15 21 16
20 18 21 19
20 19 21 19
9 0 10 0
9 1 10 2
9 2 10 3
9 3 10 4
9 4 10 5
9 5 10 6
9 6 10 7
9 7 10 8
9 8 10 9
9 9 10 10
10 0 11 0
10 2 11 2
10 3 11 3
10 4 11 4
10 5 11 6
10 6 11 6
10 8 11 9
10 9 11 10
10 10 11 11
11 0 12 0
11 2 12 2
11 3 12 4
11 4 12 4
11 9 12 10
11 10 12 11
11 11 12 12
12 0 13 1
12 2 13 2
12 10 13 11
12 11 13 12
12 12 13 13
13 2 14 2
19 0 20 0
19 1 20 1
19 2 20 2
19 3 20 3
19 4 20 4
19 5 20 5
19 6 20 7
19 7 20 8
19 8 20 9
19 9 20 10
19 10 20 11
19 11 20 12
19 12 20 13
19 13 20 14
19 14 20 15
19 15 20 16
19 16 20 17
19 17 20 18
19 18 20 19
19 19 20 20
20 0 21 0
20 1 21 1
20 2 21 2
20 3 21 3
20 4 21 4
20 5 21 5
20 7 21 8
20 8 21 9
20 9 21 10
20 10 21 10
20 11 21 12
20 12 21 13
20 13 21 14
20 14 21 15
20 15 21 16
20 16 21 17
20 17 21 18
20 18 21 19
20 19 21 20
20 20 21 21
21 0 22 1
21 1 22 2
21 2 22 3
21 4 22 4
21 5 22 6
21 8 22 8
21 10 22 10
21 12 22 13
21 13 22 14
21 14 22 15
21 15 22 16
21 16 22 17
21 17 22 18
21 19 22 20
21 20 22 21
21 21 22 22
22 1 23 1
22 2 23 2
22 3 23 3
22 13 23 14
22 16 23 16
22 17 23 18
22 18 23 19
23 3 24 3
23 18 24 18
21 2 22 2
8 0 9 1
8 1 9 2
8 2 9 3
8 3 9 3
8 4 9 4
8 5 9 6
8 6 9 7
8 7 9 8
8 8 9 9
9 1 10 1
9 2 10 2
9 3 10 3
9 4 10 4
9 6 10 6
9 7 10 8
9 8 10 8
9 9 10 9
10 1 11 1
10 2 11 3
10 3 11 3
10 4 11 4
10 8 11 8
10 9 11 9
11 1 12 1
11 3 12 3
11 4 12 4
12 3 13 3
12 4 13 4
13 3 14 3
13 4 14 4
18 0 19 0
18 1 19 1
18 2 19 2
18 3 19 3
18 4 19 4
18 5 19 5
18 6 19 7
18 7 19 8
18 8 19 9
18 9 19 10
18 10 19 11
18 11 19 12
18 12 19 13
18 13 19 14
18 14 19 15
18 15 19 16
18 16 19 17
18 17 19 18
18 18 19 19
19 0 20 0
19 1 20 1
19 2 20 2
19 3 20 3
19 5 20 6
19 7 20 7
19 8 20 9
19 11 20 12
19 12 20 13
19 13 20 14
19 14 20 15
19 17 20 17
19 18 20 19
19 19 20 20
20 0 21 0
20 1 21 1
20 2 21 2
20 7 21 7
20 12 21 13
20 13 21 14
20 15 21 16
20 17 21 17
20 19 21 19
20 20 21 21
21 0 22 0
21 1 22 1
21 7 22 7
21 16 22 17
22 0 23 0
22 1 23 1
23 0 24 0
23 1 24 1
7 0 8 0
7 1 8 1
7 2 8 2
7 3 8 3
7 4 8 5
7 5 8 6
7 6 8 7
7 7 8 7
8 0 9 0
8 1 9 1
8 2 9 2
8 3 9 3
8 4 9 4
8 6 9 7
8 7 9 7
8 8 9 8
6 0 7 0
6 1 7 1
6 2 7 2
6 3 7 4
6 4 7 5
6 5 7 6
6 6 7 6
7 0 8 0
7 1 8 1
7 2 8 2
7 3 8 3
7 4 8 4
5 0 6 0
5 1 6 1
5 2 6 3
5 3 6 4
5 4 6 5
5 5 6 5
6 0 7 0
6 1 7 1
6 2 7 2
6 4 7 4
4 0 5 0
4 1 5 2
4 2 5 2
4 3 5 4
4 4 5 4
5 0 6 0
5 1 6 1
5 2 6 2
5 4 6 4
6 4 7 4
3 2 4 3
3 3 4 3
2 2 3 2
3 2 4 2
4 2 5 2
17 0 18 0
17 1 18 1
17 2 18 2
17 3 18 3
17 4 18 4
17 5 18 6
17 6 18 7
17 7 18 8
17 8 18 9
17 9 18 10
17 10 18 11
17 11 18 12
17 12 18 13
17 13 18 14
17 14 18 15
17 15 18 16
17 16 18 17
17 17 18 18
18 0 19 0
18 1 19 1
18 2 19 2
18 3 19 3
18 6 19 6
18 7 19 7
18 10 19 11
18 11 19 11
18 12 19 12
18 13 19 14
18 14 19 14
18 17 19 18
18 18 19 19
16 0 17 0
16 1 17 1
16 2 17 2
16 3 17 3
16 4 17 5
16 5 17 6
16 6 17 7
16 7 17 8
16 8 17 9
16 9 17 10
16 10 17 11
16 11 17 12
16 12 17 13
16 13 17 14
16 14 17 15
16 15 17 16
16 16 17 17
17 0 18 0
17 1 18 1
17 2 18 2
17 3 18 3
17 5 18 5
17 6 18 6
17 9 18 10
17 10 18 10
17 11 18 11
17 12 18 12
17 13 18 13
17 14 18 14
17 16 18 17
18 12 19 13
18 13 19 13
15 0 16 0
15 1 16 1
15 2 16 2
15 3 16 4
15 4 16 5
15 5 16 5
15 6 16 7
15 7 16 8
15 8 16 9
15 9 16 9
15 10 16 11
15 11 16 12
15 12 16 13
15 13 16 14
15 14 16 15
15 15 16 16
16 0 17 0
16 1 17 1
16 2 17 2
16 5 17 5
16 6 17 6
16 9 17 9
16 10 17 10
16 11 17 11
16 12 17 12
16 13 17 13
16 16 17 16
17 5 18 5
17 9 18 9
17 13 18 13
14 0 15 0
14 1 15 1
14 2 15 3
14 3 15 4
14 4 15 4
14 5 15 5
14 6 15 7
14 7 15 8
14 8 15 8
14 9 15 10
14 10 15 11
14 11 15 12
14 12 15 13
14 13 15 14
14 14 15 15
15 0 16 0
15 1 16 1
15 4 16 4
15 5 16 5
15 8 16 8
15 9 16 9
15 10 16 10
15 12 16 12
16 4 17 4
16 5 17 5
13 0 14 0
13 1 14 2
13 2 14 2
13 3 14 3
13 4 14 4
13 5 14 6
13 6 14 6
13 7 14 7
13 8 14 9
13 9 14 10
13 10 14 11
13 11 14 12
13 12 14 12
13 13 14 13
14 0 15 0
14 2 15 2
14 4 15 4
14 7 15 7
14 9 15 9
14 10 15 10
12 0 13 1
12 2 13 2
12 3 13 3
12 4 13 5
12 5 13 5
12 6 13 6
12 7 13 8
12 8 13 9
12 9 13 10
12 10 13 11
12 11 13 11
12 12 13 12
13 1 14 1
13 2 14 2
11 0 12 0
11 3 12 3
11 4 12 4
11 5 12 5
11 6 12 7
11 7 12 7
11 8 12 9
11 9 12 9
12 0 13 0
12 1 13 1
12 2 13 2
12 4 13 4
12 7 13 7
13 4 14 4
13 7 14 7
10 0 11 0
10 3 11 3
10 4 11 4
10 5 11 6
10 6 11 6
10 7 11 8
10 8 11 8
11 0 12 0
11 1 12 1
11 2 12 2
11 8 12 8
10 2 11 2
10 8 11 8
9 0 10 0
9 1 10 1
9 2 10 2
9 3 10 3
9 4 10 5
9 5 10 5
9 6 10 7
10 0 11 0
10 1 11 1
10 2 11 2
10 3 11 3
11 0 12 0
11 1 12 1
11 2 12 2
11 3 12 3
12 0 13 0
12 1 13 1
12 2 13 2
12 3 13 3
13 3 14 3
14 3 15 3
19 0 20 0
19 1 20 1
19 2 20 2
19 7 20 7
19 11 20 11
19 12 20 13
19 19 20 20
20 0 21 0
20 1 21 1
20 7 21 7
21 0 22 0
22 0 23 0
8 0 9 0
8 1 9 1
8 2 9 2
8 3 9 4
8 4 9 4
8 5 9 6
9 0 10 0
9 1 10 1
10 0 11 0
10 1 11 1
18 0 19 0
19 0 20 0
7 0 8 0
7 1 8 1
7 2 8 3
7 3 8 3
7 4 8 5
7 5 8 5
8 1 9 1
6 0 7 0
6 1 7 2
6 3 7 4
6 4 7 4
6 5 7 5
7 2 8 2
5 1 6 1
5 2 6 3
5 3 6 3
5 4 6 4
5 5 6 5
4 1 5 1
4 2 5 2
4 3 5 3
4 4 5 4
3 1 4 1
3 2 4 2
3 3 4 3
2 2 3 2
17 0 18 0
18 0 19 0
16 0 17 0
15 0 16 0
9 1 10 1
